c_000000000001	CG8421-NZ_CP005388-x	100.000	565758	100	0	0	1	565758	565758	692131	1257888	1636029	0.0	1.045e+06	plus
c_000000000002	CG8421-NZ_CP005388-x	100.000	287092	100	0	0	1	287092	287092	399286	686377	1636029	0.0	5.302e+05	plus
c_000000000003	CG8421-NZ_CP005388-x	100.000	266142	100	0	0	1	266142	266142	1636029	1369888	1636029	0.0	4.915e+05	minus
c_000000000004	CG8421-NZ_CP005388-x	100.000	153010	100	0	0	1	153010	153010	240457	393466	1636029	0.0	2.826e+05	plus
c_000000000005	CG8421-NZ_CP005388-x	100.000	104606	100	0	0	1	104606	104606	149153	44548	1636029	0.0	1.932e+05	minus
c_000000000006	CG8421-NZ_CP005388-x	99.997	92334	100	3	0	1	92334	92334	1354562	1262229	1636029	0.0	1.705e+05	minus
c_000000000007	CG8421-NZ_CP005388-x	100.000	89457	100	0	0	1	89457	89457	239533	150077	1636029	0.0	1.652e+05	minus
c_000000000008	CG8421-NZ_CP005388-x	100.000	38777	100	0	0	1	38777	38777	1	38777	1636029	0.0	71608	plus
c_000000000009	CG8421-NZ_CP005388-x	100.000	14343	100	0	0	1	14343	14343	1369396	1355054	1636029	0.0	26487	minus
c_000000000010	CG8421-NZ_CP005388-x	100.000	6007	100	0	0	1	6007	6007	686251	692257	1636029	0.0	11093	plus
c_000000000010	CG8421-NZ_CP005388-x	99.917	6009	100	3	2	1	6007	6007	393340	399348	1636029	0.0	11068	plus
c_000000000010	CG8421-NZ_CP005388-x	99.834	6007	100	0	1	1	6007	6007	38678	44674	1636029	0.0	11029	plus
c_000000000011	CG8421-NZ_CP005388-x	100.000	3244	100	0	0	1	3244	3244	1258421	1261664	1636029	0.0	5991	plus
c_000000000012	CG8421-NZ_CP005388-x	100.000	1050	100	0	0	1	1050	1050	150076	149027	1636029	0.0	1940	minus
c_000000000012	CG8421-NZ_CP005388-x	100.000	1050	100	0	0	1	1050	1050	239534	240583	1636029	0.0	1940	plus
c_000000000013	CG8421-NZ_CP005388-x	100.000	745	100	0	0	1	745	745	1355180	1354436	1636029	0.0	1376	minus
c_000000000013	CG8421-NZ_CP005388-x	100.000	745	100	0	0	1	745	745	1370014	1369270	1636029	0.0	1376	minus
c_000000000014	CG8421-NZ_CP005388-x	100.000	539	100	0	0	1	539	539	1262076	1261538	1636029	0.0	996	minus
c_000000000014	CG8421-NZ_CP005388-x	99.814	539	100	1	0	1	539	539	1258300	1257762	1636029	0.0	990	minus
c_000000000015	CG8421-NZ_CP005388-x	100.000	288	100	0	0	1	288	288	1262294	1262007	1636029	1.61e-152	532	minus
c_000000000016	CG8421-NZ_CP005388-x	100.000	254	100	0	0	1	254	254	1258484	1258231	1636029	1.12e-133	470	minus
c_000000000017	CG8421-NZ_CP005388-x	100.000	176	100	0	0	1	176	176	1258182	1258357	1636029	1.72e-90	326	plus
c_000000000017	CG8421-NZ_CP005388-x	100.000	176	100	0	0	1	176	176	1261958	1262133	1636029	1.72e-90	326	plus
c_000000000018	CG8421-NZ_CP005388-x	100.000	167	100	0	0	1	167	167	1258358	1258524	1636029	1.63e-85	309	plus
c_000000000018	CG8421-NZ_CP005388-x	100.000	167	100	0	0	1	167	167	1262168	1262334	1636029	1.63e-85	309	plus
c_000000000018	CG8421-NZ_CP005388-x	97.024	168	100	4	1	1	167	167	1264096	1264263	1636029	3.55e-77	281	plus
